  10.00000  10.00000  10.00000  10.00000  10.00000  10.00000  10.00000  10.00000  10.00000  10.00000  10.00000  10.00000  10.00000  10.00000  10.00000  10.00000  10.00000  10.00000  10.00000  10.00000  10.00000  10.00000  10.00000  10.00000  10.00000  10.00000
  10.00000  10.00000   2.00000   2.00000   2.00000   2.00000   2.00000   2.00000   2.00000   2.00000   2.00000   2.00000   2.00000   2.00000   2.00000   2.00000   2.00000   2.00000   2.00000   2.00000   2.00000   2.00000   2.00000   2.00000   2.00000   2.00000
  10.00000   2.00000   1.00000  -0.50000  -0.50000  -0.50000  -0.50000  -0.50000  -0.50000  -0.50000  -0.50000  -0.50000  -0.50000  -0.50000  -0.50000  -0.50000  -0.50000  -0.50000  -0.50000  -0.50000  -0.50000  -0.50000  -0.50000  -0.50000  -0.50000  -0.50000
  10.00000   2.00000  -0.50000   1.00000  -0.50000  -0.50000  -0.50000  -0.50000  -0.50000  -0.50000  -0.50000  -0.50000  -0.50000  -0.50000  -0.50000  -0.50000  -0.50000  -0.50000  -0.50000  -0.50000  -0.50000  -0.50000  -0.50000  -0.50000  -0.50000  -0.50000
  10.00000   2.00000  -0.50000  -0.50000   1.00000  -0.50000  -0.50000  -0.50000  -0.50000  -0.50000  -0.50000  -0.50000  -0.50000  -0.50000  -0.50000  -0.50000  -0.50000  -0.50000  -0.50000  -0.50000  -0.50000  -0.50000  -0.50000  -0.50000  -0.50000  -0.50000
  10.00000   2.00000  -0.50000  -0.50000  -0.50000   1.00000  -0.50000  -0.50000  -0.50000  -0.50000  -0.50000  -0.50000  -0.50000  -0.50000  -0.50000  -0.50000  -0.50000  -0.50000  -0.50000  -0.50000  -0.50000  -0.50000  -0.50000  -0.50000  -0.50000  -0.50000
  10.00000   2.00000  -0.50000  -0.50000  -0.50000  -0.50000   1.00000  -0.50000  -0.50000  -0.50000  -0.50000  -0.50000  -0.50000  -0.50000  -0.50000  -0.50000  -0.50000  -0.50000  -0.50000  -0.50000  -0.50000  -0.50000  -0.50000  -0.50000  -0.50000  -0.50000
  10.00000   2.00000  -0.50000  -0.50000  -0.50000  -0.50000  -0.50000   1.00000  -0.50000  -0.50000  -0.50000  -0.50000  -0.50000  -0.50000  -0.50000  -0.50000  -0.50000  -0.50000  -0.50000  -0.50000  -0.50000  -0.50000  -0.50000  -0.50000  -0.50000  -0.50000
  10.00000   2.00000  -0.50000  -0.50000  -0.50000  -0.50000  -0.50000  -0.50000   1.00000  -0.50000  -0.50000  -0.50000  -0.50000  -0.50000  -0.50000  -0.50000  -0.50000  -0.50000  -0.50000  -0.50000  -0.50000  -0.50000  -0.50000  -0.50000  -0.50000  -0.50000
  10.00000   2.00000  -0.50000  -0.50000  -0.50000  -0.50000  -0.50000  -0.50000  -0.50000   1.00000  -0.50000  -0.50000  -0.50000  -0.50000  -0.50000  -0.50000  -0.50000  -0.50000  -0.50000  -0.50000  -0.50000  -0.50000  -0.50000  -0.50000  -0.50000  -0.50000
  10.00000   2.00000  -0.50000  -0.50000  -0.50000  -0.50000  -0.50000  -0.50000  -0.50000  -0.50000   1.00000  -0.50000  -0.50000  -0.50000  -0.50000  -0.50000  -0.50000  -0.50000  -0.50000  -0.50000  -0.50000  -0.50000  -0.50000  -0.50000  -0.50000  -0.50000
  10.00000   2.00000  -0.50000  -0.50000  -0.50000  -0.50000  -0.50000  -0.50000  -0.50000  -0.50000  -0.50000   1.00000  -0.50000  -0.50000  -0.50000  -0.50000  -0.50000  -0.50000  -0.50000  -0.50000  -0.50000  -0.50000  -0.50000  -0.50000  -0.50000  -0.50000
  10.00000   2.00000  -0.50000  -0.50000  -0.50000  -0.50000  -0.50000  -0.50000  -0.50000  -0.50000  -0.50000  -0.50000   1.00000  -0.50000  -0.50000  -0.50000  -0.50000  -0.50000  -0.50000  -0.50000  -0.50000  -0.50000  -0.50000  -0.50000  -0.50000  -0.50000
  10.00000   2.00000  -0.50000  -0.50000  -0.50000  -0.50000  -0.50000  -0.50000  -0.50000  -0.50000  -0.50000  -0.50000  -0.50000   1.00000  -0.50000  -0.50000  -0.50000  -0.50000  -0.50000  -0.50000  -0.50000  -0.50000  -0.50000  -0.50000  -0.50000  -0.50000
  10.00000   2.00000  -0.50000  -0.50000  -0.50000  -0.50000  -0.50000  -0.50000  -0.50000  -0.50000  -0.50000  -0.50000  -0.50000  -0.50000   1.00000  -0.50000  -0.50000  -0.50000  -0.50000  -0.50000  -0.50000  -0.50000  -0.50000  -0.50000  -0.50000  -0.50000
  10.00000   2.00000  -0.50000  -0.50000  -0.50000  -0.50000  -0.50000  -0.50000  -0.50000  -0.50000  -0.50000  -0.50000  -0.50000  -0.50000  -0.50000   1.00000  -0.50000  -0.50000  -0.50000  -0.50000  -0.50000  -0.50000  -0.50000  -0.50000  -0.50000  -0.50000
  10.00000   2.00000  -0.50000  -0.50000  -0.50000  -0.50000  -0.50000  -0.50000  -0.50000  -0.50000  -0.50000  -0.50000  -0.50000  -0.50000  -0.50000  -0.50000   1.00000  -0.50000  -0.50000  -0.50000  -0.50000  -0.50000  -0.50000  -0.50000  -0.50000  -0.50000
  10.00000   2.00000  -0.50000  -0.50000  -0.50000  -0.50000  -0.50000  -0.50000  -0.50000  -0.50000  -0.50000  -0.50000  -0.50000  -0.50000  -0.50000  -0.50000  -0.50000   1.00000  -0.50000  -0.50000  -0.50000  -0.50000  -0.50000  -0.50000  -0.50000  -0.50000
  10.00000   2.00000  -0.50000  -0.50000  -0.50000  -0.50000  -0.50000  -0.50000  -0.50000  -0.50000  -0.50000  -0.50000  -0.50000  -0.50000  -0.50000  -0.50000  -0.50000  -0.50000   1.00000  -0.50000  -0.50000  -0.50000  -0.50000  -0.50000  -0.50000  -0.50000
  10.00000   2.00000  -0.50000  -0.50000  -0.50000  -0.50000  -0.50000  -0.50000  -0.50000  -0.50000  -0.50000  -0.50000  -0.50000  -0.50000  -0.50000  -0.50000  -0.50000  -0.50000  -0.50000   1.00000  -0.50000  -0.50000  -0.50000  -0.50000  -0.50000  -0.50000
  10.00000   2.00000  -0.50000  -0.50000  -0.50000  -0.50000  -0.50000  -0.50000  -0.50000  -0.50000  -0.50000  -0.50000  -0.50000  -0.50000  -0.50000  -0.50000  -0.50000  -0.50000  -0.50000  -0.50000   1.00000  -0.50000  -0.50000  -0.50000  -0.50000  -0.50000
  10.00000   2.00000  -0.50000  -0.50000  -0.50000  -0.50000  -0.50000  -0.50000  -0.50000  -0.50000  -0.50000  -0.50000  -0.50000  -0.50000  -0.50000  -0.50000  -0.50000  -0.50000  -0.50000  -0.50000  -0.50000   1.00000  -0.50000  -0.50000  -0.50000  -0.50000
  10.00000   2.00000  -0.50000  -0.50000  -0.50000  -0.50000  -0.50000  -0.50000  -0.50000  -0.50000  -0.50000  -0.50000  -0.50000  -0.50000  -0.50000  -0.50000  -0.50000  -0.50000  -0.50000  -0.50000  -0.50000  -0.50000   1.00000  -0.50000  -0.50000  -0.50000
  10.00000   2.00000  -0.50000  -0.50000  -0.50000  -0.50000  -0.50000  -0.50000  -0.50000  -0.50000  -0.50000  -0.50000  -0.50000  -0.50000  -0.50000  -0.50000  -0.50000  -0.50000  -0.50000  -0.50000  -0.50000  -0.50000  -0.50000   1.00000  -0.50000  -0.50000
  10.00000   2.00000  -0.50000  -0.50000  -0.50000  -0.50000  -0.50000  -0.50000  -0.50000  -0.50000  -0.50000  -0.50000  -0.50000  -0.50000  -0.50000  -0.50000  -0.50000  -0.50000  -0.50000  -0.50000  -0.50000  -0.50000  -0.50000  -0.50000   1.00000  -0.50000
  10.00000   2.00000  -0.50000  -0.50000  -0.50000  -0.50000  -0.50000  -0.50000  -0.50000  -0.50000  -0.50000  -0.50000  -0.50000  -0.50000  -0.50000  -0.50000  -0.50000  -0.50000  -0.50000  -0.50000  -0.50000  -0.50000  -0.50000  -0.50000  -0.50000   1.00000
